lcpc3

longran =

  Columns 1 through 7 

   -2.0710   -1.9814   -1.4279   -0.5521   -1.3399   -1.9777   -0.7377
   -0.7120   -1.5389   -1.4970    1.5688   -1.2056   -1.7368    0.3045
   -1.5665   -1.3182   -1.8177   -0.2152   -1.2045   -1.9798    1.4181
   -1.6886   -1.2993   -1.8635   -0.4857   -1.1704   -2.0249    1.2370
   -1.7347   -1.2698   -1.8770   -0.6075   -1.1246   -2.0356    0.7529
   -1.7567   -1.2425   -1.8793   -0.6802   -1.0852   -2.0351    0.5098
   -1.7623   -1.2121   -1.8722   -0.7251   -1.0510   -2.0251    0.3565
   -1.7643   -1.1849   -1.8651   -0.7600   -1.0142   -2.0151    0.2419
   -1.7603   -1.1558   -1.8540   -0.7851   -0.9765   -2.0013    0.1533
   -1.6054   -2.8147   -2.8609   -0.1091   -1.9782   -2.6592   -2.1640
   -1.5425   -2.7828   -2.8343    0.3119   -1.9661   -2.6336   -2.2121
   -1.4757   -2.7506   -2.8067    0.9484   -1.9526   -2.6067   -2.2647
   -1.4071   -2.7207   -2.7807    1.1295   -1.9403   -2.5811   -2.3222
   -1.3345   -2.6916   -2.7543    0.5420   -1.9280   -2.5549   -2.3815
   -1.2561   -2.6623   -2.7263    0.1175   -1.9147   -2.5270   -2.4404

  Columns 8 through 14 

   -1.4430   -2.9442   -1.9288   -2.3335   -0.7567   -2.6418   -1.5568
   -1.0362   -1.7561    0.8848    0.2694   -0.5303   -2.1648   -1.3274
   -1.1189   -2.3159   -0.7989   -1.1632   -1.0990   -2.2090   -1.2493
   -1.1007   -2.3689   -1.0436   -1.3550   -1.2573   -2.3002   -1.2247
   -1.0628   -2.3766   -1.1411   -1.4205   -1.3252   -2.2777   -1.1793
   -1.0158   -2.3714   -1.1879   -1.4533   -1.3631   -2.2642   -1.1421
   -0.9663   -2.3526   -1.2128   -1.4669   -1.3817   -2.2454   -1.1044
   -0.9200   -2.3328   -1.2310   -1.4753   -1.3950   -2.2278   -1.0713
   -0.8720   -2.3098   -1.2414   -1.4770   -1.3996   -2.2077   -1.0371
   -2.3699   -1.9769    1.2086    0.7178   -2.0100   -2.2459   -2.2458
   -2.3448   -1.9417    1.8550    1.1438   -1.9379   -2.2109   -2.2281
   -2.3188   -1.9043    1.3365    1.7813   -1.8622   -2.1750   -2.2092
   -2.2946   -1.8672    0.9310    2.0063   -1.7847   -2.1398   -2.1918
   -2.2709   -1.8288    0.6004    1.4041   -1.7026   -2.1042   -2.1746
   -2.2467   -1.7876    0.3235    0.9729   -1.6139   -2.0672   -2.1566

  Columns 15 through 21 

   -0.9575   -0.1126   -1.2479   -0.6275   -2.4958   -1.1976   -1.7457
    3.3835   -0.3926   -1.1023    1.8425   -2.0738   -0.5864   -0.2578
    0.1497   -0.3214   -1.5391   -0.1101   -2.1743   -0.3840   -1.3069
   -0.2411   -0.2508   -1.6475   -0.3994   -2.1982   -0.1024   -1.4627
   -0.4117   -0.1764   -1.6752   -0.5293   -2.1887    0.3161   -1.5256
   -0.5123   -0.1063   -1.6870   -0.6069   -2.1658    0.7416   -1.5584
   -0.5761   -0.0336   -1.6871   -0.6555   -2.1383    1.2226   -1.5720
   -0.6254    0.0686   -1.6859   -0.6933   -2.1162    1.7781   -1.5805
   -0.6619    0.1440   -1.6802   -0.7208   -2.0961    2.5375   -1.5820
   -0.6165   -1.2302   -2.3835    0.6029   -1.7637   -2.8786   -0.9938
   -0.7346   -1.2271   -2.3403    1.1906   -1.7225   -2.9081   -0.8867
   -0.8579   -1.2218   -2.2954    0.6858   -1.6784   -2.9405   -0.7696
   -0.9834   -1.2171   -2.2511    0.2864   -1.1603   -2.9772   -0.6428
   -1.1061   -1.2119   -2.2053   -0.0409   -1.0909   -3.0156   -0.5016
   -1.2235   -1.2053   -2.1567   -0.3158   -1.0174   -3.0539   -0.3410

  Columns 22 through 24 

   -1.4843   -0.6655   -3.2410
   -0.3721   -0.6919   -2.4183
   -1.0966   -0.6797   -2.4631
   -1.2485   -0.6316   -2.4698
   -1.3111   -0.5748   -2.4576
   -1.3432   -0.5202   -2.4439
   -1.3571   -0.4280   -2.4253
   -1.3661   -0.3707   -2.4051
   -1.3685   -0.3109   -2.3828
    0.1705   -1.6524   -2.4896
    0.4582   -1.6414   -2.4610
    0.8295   -1.6287   -2.4317
    1.3521   -1.6170   -2.4033
    2.2533   -1.6051   -2.3748
    1.7196   -1.5919   -2.3452


moyenne =

  Columns 1 through 7 

   -1.5625   -1.9084   -2.1811   -0.0201   -1.4568   -2.2263   -0.6366

  Columns 8 through 14 

   -1.5588   -2.1623   -0.1764   -0.2566   -1.4280   -2.2321   -1.6066

  Columns 15 through 21 

   -0.3983   -0.5663   -1.8390   -0.0061   -1.8720   -0.8966   -1.1151

  Columns 22 through 24 

   -0.2776   -0.9740   -2.4808