lcpc3

longran =

  Columns 1 through 7 

   -2.0710   -1.9814   -1.4279   -0.5521   -1.3399   -1.9777   -0.8697
   -1.1592   -1.5389   -0.9972    0.9316   -1.7327   -1.7368    0.3045
   -1.5665   -1.3182   -1.2024   -0.2152   -1.7129   -1.4660    1.4181
   -1.6886   -1.2993   -1.2712   -0.4857   -1.6710   -1.5205    1.2370
   -1.7347   -1.2698   -1.2956   -0.6075   -1.6199   -1.5359    0.7529
   -1.7567   -1.2425   -1.3013   -0.6802   -1.5744   -1.5349    0.5098
   -1.7623   -1.8982   -1.2958   -0.7251   -1.5367   -1.5239    0.3565
   -1.7643   -1.8630   -1.2881   -0.7600   -1.4932   -1.5112    0.2419
   -1.3581   -1.8272   -1.2773   -0.1906   -1.4492   -1.4962    0.1533
   -1.6054   -2.8147   -2.8609   -0.1091   -1.9782   -2.6592   -2.1640
   -1.5425   -2.7828   -2.8343    0.3119   -1.9661   -2.6336   -2.2121
   -1.4757   -2.7506   -2.8067    0.9484   -1.9526   -2.6067   -2.2647
   -1.4071   -2.7207   -2.7807    1.1295   -1.9403   -2.5811   -2.3222
   -1.3345   -2.6916   -2.7543    0.5420   -1.9280   -2.5549   -2.3815
   -1.2561   -2.6623   -2.7263    0.1175   -1.9147   -2.5270   -2.4404

  Columns 8 through 14 

   -1.4430   -2.9442   -1.9288   -2.3335   -0.7567   -2.6418   -1.5568
   -1.0362   -2.1229    0.2094   -0.3887   -0.5303   -1.8135   -1.8977
   -1.1189   -2.3159   -0.7989   -1.1632   -1.0990   -1.8796   -1.8418
   -1.1007   -2.3689   -1.0436   -1.3550   -0.6830   -1.8956   -1.8023
   -1.0628   -2.3766   -1.1411   -1.4205   -0.7382   -1.8890   -1.7491
   -1.0158   -2.3714   -1.1879   -1.4533   -0.7652   -2.2642   -1.7046
   -0.9663   -2.3526   -1.2128   -1.4669   -0.7765   -2.2454   -1.6631
   -0.9200   -2.0065   -1.2310   -1.4753   -0.7830   -2.2278   -1.6232
   -0.8720   -1.9777   -1.2414   -1.4770   -0.7851   -2.2077   -1.5827
   -2.3699   -1.9769    1.2086    0.7178   -2.0100   -2.5683   -2.2458
   -2.3448   -1.9417    1.8550    1.1438   -1.9379   -2.5513   -2.2281
   -2.3188   -1.9043    1.3365    1.7813   -1.8622   -2.5328   -2.2092
   -2.2946   -1.8672    0.9310    2.0063   -1.7847   -2.5155   -2.1918
   -2.2709   -1.8288    0.6004    1.4041   -1.7026   -2.4978   -2.1746
   -2.2467   -1.7876    0.3235    0.9729   -1.6139   -2.4785   -2.1566

  Columns 15 through 21 

   -0.9575   -0.1126   -1.2479   -0.6275   -2.4958   -1.2934   -1.7457
    2.4274   -0.3926   -1.1023    1.1599   -2.0738   -0.5864   -0.7754
    0.1497   -0.3214   -0.9746   -0.1101   -2.1743   -0.3840   -1.3069
   -0.2411   -0.2508   -1.0646   -0.3994   -1.8222   -0.1024   -1.4627
   -0.4117   -0.1764   -1.1001   -0.5293   -1.8146    0.3161   -1.5256
   -0.5123   -0.4394   -1.1135   -0.6069   -1.7956    0.7416   -1.5584
   -0.5761   -0.3631   -1.1141   -0.6555   -1.7692    1.2226   -1.5720
   -0.6254   -0.2637   -1.1113   -0.6933   -1.7445    1.7781   -1.5805
    0.0105   -0.1832   -1.1052   -0.7208   -1.7215    2.5375   -1.1323
   -0.6165   -1.2302   -2.3835    0.6029   -1.7637   -2.8786   -0.9938
   -0.7346   -1.2271   -2.3403    1.1906   -1.7225   -2.9081   -0.8867
   -0.8579   -1.2218   -2.2954    0.6858   -1.6784   -2.9405   -0.7696
   -0.9834   -1.2171   -2.2511    0.2864   -1.6338   -2.9772   -0.6428
   -1.1061   -1.2119   -2.2053   -0.0409   -1.5869   -3.0156   -0.5016
   -1.2235   -1.2053   -2.1567   -0.3158   -1.5363   -3.0539   -0.3410

  Columns 22 through 24 

   -1.4843   -0.6655   -3.2410
   -0.3721   -0.6919   -2.0183
   -1.0966   -0.6797   -2.0648
   -1.2485   -0.6316   -2.0724
   -1.3111   -0.5748   -2.0606
   -0.8331   -0.5202   -2.0424
   -0.8444   -0.4280   -2.4253
   -0.8495   -0.8054   -2.4051
   -0.8494   -0.7440   -2.3828
    0.1705   -1.6524   -2.7998
    0.4582   -1.6414   -2.7871
    0.8295   -1.6287   -2.7732
    1.3521   -1.6170   -2.7606
    2.2533   -1.6051   -2.7479
    1.7196   -1.5919   -2.7339


moyenne =

  Columns 1 through 7 

   -1.5655   -2.0441   -1.8747   -0.0230   -1.7206   -1.9910   -0.6454

  Columns 8 through 14 

   -1.5588   -2.1429   -0.2214   -0.3005   -1.1886   -2.2806   -1.9085

  Columns 15 through 21 

   -0.4172   -0.6544   -1.5711   -0.0516   -1.8222   -0.9029   -1.1197

  Columns 22 through 24 

   -0.1404   -1.0318   -2.4877